012021102120201210  

123132213231312321

234243324342423432

345354435453534543

456465546564645654

567576657675756765

678687768786867876

789798879897978987

890809908980089098

901910091019190109



135153351315513531

357375537573735753

579597759795957975

791719917971179197

913931139193391319

713731173137371317

359395539593935953

379397739793937973

159195519591915951



024042240204402420

026062206260602620

028082280208802820

046064406460604640

048084480408804840

068086680608806860

246264426462624642

248284428482824842

268286628682826862

468486648684846864